232,52
232,51
232,50
232,49
232,48
232,47
232,46
232,45
232,44
232,43
232,42
232,41
232,40
232,39
232,38
232,37
232,36
232,35
263,3
263,2
263,1
263,0
262,4
262,3
262,2
262,1
262,0
261,5
261,4
261,3
261,2
261,1
261,0
0,546
0,545
260,4
260,3
260,2
260,1
260,0
259,3
259,2
259,1
259,0
258,3
258,2
258,1
258,0
257,5
257,4
257,3
257,2
257,1
257,0
256,4
256,3
256,2
256,1
256,0
255,4
255,3
255,2
255,1
255,0
254,3
254,2
254,1
254,0
253,3
253,2
253,1
253,0
252,5
0,273
0,270
252,4
252,3
252,2
252,1
252,0
251,3
251,2
251,1
251,0
250,3
250,2
250,1
250,0
249,3
249,2
249,1
249,0
248,3
248,2
248,1
248,0
247,3
247,2
247,1
247,0
246,5
246,4
246,3
246,2
246,1
246,0
245,4
245,3
245,2
245,1
245,0
244,3
244,2
244,1
244,0
243,3
243,2
243,1
243,0
242,4
242,3
242,2
242,1
242,0
241,3
241,2
241,1
241,0
240,3
240,2
240,1
240,0
239,3
239,2
239,1
239,0
238,3
238,2
238,1
238,0
0,544
237,5
237,4
237,3
237,2
